INFO:root:
DominoState:
Ground: []
Tiles: [[0 | 4], [2 | 3], [2 | 2], [0 | 0], [1 | 5], [0 | 6], [5 | 5], [0 | 5], [4 | 5], [0 | 1], [4 | 6], [3 | 5], [0 | 2], [1 | 4]]
Players: [player 1: [[1 | 2], [3 | 4], [3 | 6], [1 | 6], [2 | 6], [2 | 5], [0 | 3]], ai 2: [[1 | 3], [4 | 4], [5 | 6], [6 | 6], [2 | 4], [3 | 3], [1 | 1]]]
Turn Index: 0
INFO:root:player turn 0

INFO:root:
DominoState:
Ground: [[1 | 2]]
Tiles: [[0 | 4], [2 | 3], [2 | 2], [0 | 0], [1 | 5], [0 | 6], [5 | 5], [0 | 5], [4 | 5], [0 | 1], [4 | 6], [3 | 5], [0 | 2], [1 | 4]]
Players: [player 1: [[3 | 4], [3 | 6], [1 | 6], [2 | 6], [2 | 5], [0 | 3]], ai 2: [[1 | 3], [4 | 4], [5 | 6], [6 | 6], [2 | 4], [3 | 3], [1 | 1]]]
Turn Index: 1
INFO:root:player turn 1

INFO:root:
DominoState:
Ground: [[1 | 2], [2 | 4]]
Tiles: [[0 | 4], [2 | 3], [2 | 2], [0 | 0], [1 | 5], [0 | 6], [5 | 5], [0 | 5], [4 | 5], [0 | 1], [4 | 6], [3 | 5], [0 | 2], [1 | 4]]
Players: [player 1: [[3 | 4], [3 | 6], [1 | 6], [2 | 6], [2 | 5], [0 | 3]], ai 2: [[3 | 1], [4 | 4], [5 | 6], [6 | 6], [3 | 3], [1 | 1]]]
Turn Index: 0
INFO:root:player turn 0

INFO:root:
DominoState:
Ground: [[1 | 2], [2 | 4], [4 | 3]]
Tiles: [[0 | 4], [2 | 3], [2 | 2], [0 | 0], [1 | 5], [0 | 6], [5 | 5], [0 | 5], [4 | 5], [0 | 1], [4 | 6], [3 | 5], [0 | 2], [1 | 4]]
Players: [player 1: [[3 | 6], [6 | 1], [2 | 6], [2 | 5], [0 | 3]], ai 2: [[3 | 1], [4 | 4], [5 | 6], [6 | 6], [3 | 3], [1 | 1]]]
Turn Index: 1
INFO:root:player turn 1

INFO:root:
DominoState:
Ground: [[1 | 2], [2 | 4], [4 | 3], [3 | 3]]
Tiles: [[0 | 4], [2 | 3], [2 | 2], [0 | 0], [1 | 5], [0 | 6], [5 | 5], [0 | 5], [4 | 5], [0 | 1], [4 | 6], [3 | 5], [0 | 2], [1 | 4]]
Players: [player 1: [[3 | 6], [6 | 1], [2 | 6], [2 | 5], [0 | 3]], ai 2: [[3 | 1], [4 | 4], [5 | 6], [6 | 6], [1 | 1]]]
Turn Index: 0
INFO:root:player turn 0

INFO:root:
DominoState:
Ground: [[1 | 2], [2 | 4], [4 | 3], [3 | 3], [3 | 6]]
Tiles: [[0 | 4], [2 | 3], [2 | 2], [0 | 0], [1 | 5], [0 | 6], [5 | 5], [0 | 5], [4 | 5], [0 | 1], [4 | 6], [3 | 5], [0 | 2], [1 | 4]]
Players: [player 1: [[6 | 1], [2 | 6], [2 | 5], [3 | 0]], ai 2: [[3 | 1], [4 | 4], [5 | 6], [6 | 6], [1 | 1]]]
Turn Index: 1
INFO:root:player turn 1

INFO:root:
DominoState:
Ground: [[1 | 2], [2 | 4], [4 | 3], [3 | 3], [3 | 6], [6 | 6]]
Tiles: [[0 | 4], [2 | 3], [2 | 2], [0 | 0], [1 | 5], [0 | 6], [5 | 5], [0 | 5], [4 | 5], [0 | 1], [4 | 6], [3 | 5], [0 | 2], [1 | 4]]
Players: [player 1: [[6 | 1], [2 | 6], [2 | 5], [3 | 0]], ai 2: [[3 | 1], [4 | 4], [6 | 5], [1 | 1]]]
Turn Index: 0
INFO:root:player turn 0

INFO:root:
DominoState:
Ground: [[6 | 1], [1 | 2], [2 | 4], [4 | 3], [3 | 3], [3 | 6], [6 | 6]]
Tiles: [[0 | 4], [2 | 3], [2 | 2], [0 | 0], [1 | 5], [0 | 6], [5 | 5], [0 | 5], [4 | 5], [0 | 1], [4 | 6], [3 | 5], [0 | 2], [1 | 4]]
Players: [player 1: [[6 | 2], [2 | 5], [3 | 0]], ai 2: [[3 | 1], [4 | 4], [6 | 5], [1 | 1]]]
Turn Index: 1
INFO:root:player turn 1

INFO:root:
DominoState:
Ground: [[5 | 6], [6 | 1], [1 | 2], [2 | 4], [4 | 3], [3 | 3], [3 | 6], [6 | 6]]
Tiles: [[0 | 4], [2 | 3], [2 | 2], [0 | 0], [1 | 5], [0 | 6], [5 | 5], [0 | 5], [4 | 5], [0 | 1], [4 | 6], [3 | 5], [0 | 2], [1 | 4]]
Players: [player 1: [[6 | 2], [2 | 5], [3 | 0]], ai 2: [[3 | 1], [4 | 4], [1 | 1]]]
Turn Index: 0
INFO:root:player turn 0

INFO:root:
DominoState:
Ground: [[5 | 6], [6 | 1], [1 | 2], [2 | 4], [4 | 3], [3 | 3], [3 | 6], [6 | 6], [6 | 2]]
Tiles: [[0 | 4], [2 | 3], [2 | 2], [0 | 0], [1 | 5], [0 | 6], [5 | 5], [0 | 5], [4 | 5], [0 | 1], [4 | 6], [3 | 5], [0 | 2], [1 | 4]]
Players: [player 1: [[2 | 5], [3 | 0]], ai 2: [[3 | 1], [4 | 4], [1 | 1]]]
Turn Index: 1
INFO:root:player turn 1

INFO:root:
DominoState:
Ground: [[5 | 6], [6 | 1], [1 | 2], [2 | 4], [4 | 3], [3 | 3], [3 | 6], [6 | 6], [6 | 2]]
Tiles: [[0 | 4], [2 | 3], [2 | 2], [0 | 0], [1 | 5], [0 | 6], [5 | 5], [0 | 5], [4 | 5], [0 | 1], [4 | 6], [3 | 5]]
Players: [player 1: [[2 | 5], [3 | 0]], ai 2: [[3 | 1], [4 | 4], [1 | 1], [1 | 4], [2 | 0]]]
Turn Index: 1
INFO:root:player turn 1

INFO:root:
DominoState:
Ground: [[5 | 6], [6 | 1], [1 | 2], [2 | 4], [4 | 3], [3 | 3], [3 | 6], [6 | 6], [6 | 2], [2 | 0]]
Tiles: [[0 | 4], [2 | 3], [2 | 2], [0 | 0], [1 | 5], [0 | 6], [5 | 5], [0 | 5], [4 | 5], [0 | 1], [4 | 6], [3 | 5]]
Players: [player 1: [[2 | 5], [3 | 0]], ai 2: [[3 | 1], [4 | 4], [1 | 1], [1 | 4]]]
Turn Index: 0
INFO:root:player turn 0

INFO:root:
DominoState:
Ground: [[2 | 5], [5 | 6], [6 | 1], [1 | 2], [2 | 4], [4 | 3], [3 | 3], [3 | 6], [6 | 6], [6 | 2], [2 | 0]]
Tiles: [[0 | 4], [2 | 3], [2 | 2], [0 | 0], [1 | 5], [0 | 6], [5 | 5], [0 | 5], [4 | 5], [0 | 1], [4 | 6], [3 | 5]]
Players: [player 1: [[0 | 3]], ai 2: [[3 | 1], [4 | 4], [1 | 1], [1 | 4]]]
Turn Index: 1
INFO:root:player turn 1

INFO:root:
DominoState:
Ground: [[2 | 5], [5 | 6], [6 | 1], [1 | 2], [2 | 4], [4 | 3], [3 | 3], [3 | 6], [6 | 6], [6 | 2], [2 | 0]]
Tiles: [[0 | 4], [2 | 3], [2 | 2], [0 | 0], [1 | 5], [0 | 6], [5 | 5], [0 | 5], [4 | 5]]
Players: [player 1: [[0 | 3]], ai 2: [[3 | 1], [4 | 4], [1 | 1], [1 | 4], [3 | 5], [4 | 6], [0 | 1]]]
Turn Index: 1
INFO:root:player turn 1

INFO:root:
DominoState:
Ground: [[2 | 5], [5 | 6], [6 | 1], [1 | 2], [2 | 4], [4 | 3], [3 | 3], [3 | 6], [6 | 6], [6 | 2], [2 | 0], [0 | 1]]
Tiles: [[0 | 4], [2 | 3], [2 | 2], [0 | 0], [1 | 5], [0 | 6], [5 | 5], [0 | 5], [4 | 5]]
Players: [player 1: [[0 | 3]], ai 2: [[3 | 1], [4 | 4], [1 | 1], [1 | 4], [3 | 5], [4 | 6]]]
Turn Index: 0
INFO:root:player turn 0

INFO:root:
DominoState:
Ground: [[2 | 5], [5 | 6], [6 | 1], [1 | 2], [2 | 4], [4 | 3], [3 | 3], [3 | 6], [6 | 6], [6 | 2], [2 | 0], [0 | 1]]
Tiles: [[0 | 4], [2 | 3], [2 | 2], [0 | 0]]
Players: [player 1: [[0 | 3], [4 | 5], [0 | 5], [5 | 5], [0 | 6], [1 | 5]], ai 2: [[3 | 1], [4 | 4], [1 | 1], [1 | 4], [3 | 5], [4 | 6]]]
Turn Index: 0
INFO:root:player turn 0

INFO:root:
DominoState:
Ground: [[2 | 5], [5 | 6], [6 | 1], [1 | 2], [2 | 4], [4 | 3], [3 | 3], [3 | 6], [6 | 6], [6 | 2], [2 | 0], [0 | 1], [1 | 5]]
Tiles: [[0 | 4], [2 | 3], [2 | 2], [0 | 0]]
Players: [player 1: [[0 | 3], [4 | 5], [0 | 5], [5 | 5], [0 | 6]], ai 2: [[3 | 1], [4 | 4], [1 | 1], [1 | 4], [3 | 5], [4 | 6]]]
Turn Index: 1
INFO:root:player turn 1

INFO:root:
DominoState:
Ground: [[2 | 5], [5 | 6], [6 | 1], [1 | 2], [2 | 4], [4 | 3], [3 | 3], [3 | 6], [6 | 6], [6 | 2], [2 | 0], [0 | 1], [1 | 5], [5 | 3]]
Tiles: [[0 | 4], [2 | 3], [2 | 2], [0 | 0]]
Players: [player 1: [[0 | 3], [4 | 5], [0 | 5], [5 | 5], [0 | 6]], ai 2: [[3 | 1], [4 | 4], [1 | 1], [1 | 4], [4 | 6]]]
Turn Index: 0
INFO:root:player turn 0

INFO:root:
DominoState:
Ground: [[2 | 5], [5 | 6], [6 | 1], [1 | 2], [2 | 4], [4 | 3], [3 | 3], [3 | 6], [6 | 6], [6 | 2], [2 | 0], [0 | 1], [1 | 5], [5 | 3], [3 | 0]]
Tiles: [[0 | 4], [2 | 3], [2 | 2], [0 | 0]]
Players: [player 1: [[4 | 5], [0 | 5], [5 | 5], [0 | 6]], ai 2: [[3 | 1], [4 | 4], [1 | 1], [1 | 4], [4 | 6]]]
Turn Index: 1
INFO:root:player turn 1

INFO:root:
DominoState:
Ground: [[2 | 5], [5 | 6], [6 | 1], [1 | 2], [2 | 4], [4 | 3], [3 | 3], [3 | 6], [6 | 6], [6 | 2], [2 | 0], [0 | 1], [1 | 5], [5 | 3], [3 | 0]]
Tiles: [[0 | 4], [2 | 3], [2 | 2]]
Players: [player 1: [[4 | 5], [0 | 5], [5 | 5], [0 | 6]], ai 2: [[3 | 1], [4 | 4], [1 | 1], [1 | 4], [4 | 6], [0 | 0]]]
Turn Index: 1
INFO:root:player turn 1

INFO:root:
DominoState:
Ground: [[2 | 5], [5 | 6], [6 | 1], [1 | 2], [2 | 4], [4 | 3], [3 | 3], [3 | 6], [6 | 6], [6 | 2], [2 | 0], [0 | 1], [1 | 5], [5 | 3], [3 | 0], [0 | 0]]
Tiles: [[0 | 4], [2 | 3], [2 | 2]]
Players: [player 1: [[4 | 5], [0 | 5], [5 | 5], [0 | 6]], ai 2: [[3 | 1], [4 | 4], [1 | 1], [1 | 4], [4 | 6]]]
Turn Index: 0
INFO:root:player turn 0

INFO:root:
DominoState:
Ground: [[2 | 5], [5 | 6], [6 | 1], [1 | 2], [2 | 4], [4 | 3], [3 | 3], [3 | 6], [6 | 6], [6 | 2], [2 | 0], [0 | 1], [1 | 5], [5 | 3], [3 | 0], [0 | 0], [0 | 5]]
Tiles: [[0 | 4], [2 | 3], [2 | 2]]
Players: [player 1: [[4 | 5], [5 | 5], [0 | 6]], ai 2: [[3 | 1], [4 | 4], [1 | 1], [1 | 4], [4 | 6]]]
Turn Index: 1
INFO:root:player turn 1

INFO:root:
DominoState:
Ground: [[2 | 5], [5 | 6], [6 | 1], [1 | 2], [2 | 4], [4 | 3], [3 | 3], [3 | 6], [6 | 6], [6 | 2], [2 | 0], [0 | 1], [1 | 5], [5 | 3], [3 | 0], [0 | 0], [0 | 5]]
Tiles: [[0 | 4], [2 | 3]]
Players: [player 1: [[4 | 5], [5 | 5], [0 | 6]], ai 2: [[3 | 1], [4 | 4], [1 | 1], [1 | 4], [4 | 6], [2 | 2]]]
Turn Index: 1
INFO:root:player turn 1

INFO:root:
DominoState:
Ground: [[2 | 2], [2 | 5], [5 | 6], [6 | 1], [1 | 2], [2 | 4], [4 | 3], [3 | 3], [3 | 6], [6 | 6], [6 | 2], [2 | 0], [0 | 1], [1 | 5], [5 | 3], [3 | 0], [0 | 0], [0 | 5]]
Tiles: [[0 | 4], [2 | 3]]
Players: [player 1: [[4 | 5], [5 | 5], [0 | 6]], ai 2: [[3 | 1], [4 | 4], [1 | 1], [1 | 4], [4 | 6]]]
Turn Index: 0
INFO:root:player turn 0

INFO:root:
DominoState:
Ground: [[2 | 2], [2 | 5], [5 | 6], [6 | 1], [1 | 2], [2 | 4], [4 | 3], [3 | 3], [3 | 6], [6 | 6], [6 | 2], [2 | 0], [0 | 1], [1 | 5], [5 | 3], [3 | 0], [0 | 0], [0 | 5], [5 | 4]]
Tiles: [[0 | 4], [2 | 3]]
Players: [player 1: [[5 | 5], [0 | 6]], ai 2: [[3 | 1], [4 | 4], [1 | 1], [1 | 4], [4 | 6]]]
Turn Index: 1
INFO:root:player turn 1

INFO:root:
DominoState:
Ground: [[2 | 2], [2 | 5], [5 | 6], [6 | 1], [1 | 2], [2 | 4], [4 | 3], [3 | 3], [3 | 6], [6 | 6], [6 | 2], [2 | 0], [0 | 1], [1 | 5], [5 | 3], [3 | 0], [0 | 0], [0 | 5], [5 | 4], [4 | 4]]
Tiles: [[0 | 4], [2 | 3]]
Players: [player 1: [[5 | 5], [0 | 6]], ai 2: [[3 | 1], [1 | 1], [4 | 1], [4 | 6]]]
Turn Index: 0
INFO:root:player turn 0

INFO:root:
DominoState:
Ground: [[2 | 2], [2 | 5], [5 | 6], [6 | 1], [1 | 2], [2 | 4], [4 | 3], [3 | 3], [3 | 6], [6 | 6], [6 | 2], [2 | 0], [0 | 1], [1 | 5], [5 | 3], [3 | 0], [0 | 0], [0 | 5], [5 | 4], [4 | 4]]
Tiles: [[0 | 4]]
Players: [player 1: [[5 | 5], [0 | 6], [3 | 2]], ai 2: [[3 | 1], [1 | 1], [4 | 1], [4 | 6]]]
Turn Index: 0
INFO:root:player turn 0

INFO:root:
DominoState:
Ground: [[3 | 2], [2 | 2], [2 | 5], [5 | 6], [6 | 1], [1 | 2], [2 | 4], [4 | 3], [3 | 3], [3 | 6], [6 | 6], [6 | 2], [2 | 0], [0 | 1], [1 | 5], [5 | 3], [3 | 0], [0 | 0], [0 | 5], [5 | 4], [4 | 4]]
Tiles: [[0 | 4]]
Players: [player 1: [[5 | 5], [0 | 6]], ai 2: [[3 | 1], [1 | 1], [4 | 1], [4 | 6]]]
Turn Index: 1
INFO:root:player turn 1

INFO:root:
DominoState:
Ground: [[3 | 2], [2 | 2], [2 | 5], [5 | 6], [6 | 1], [1 | 2], [2 | 4], [4 | 3], [3 | 3], [3 | 6], [6 | 6], [6 | 2], [2 | 0], [0 | 1], [1 | 5], [5 | 3], [3 | 0], [0 | 0], [0 | 5], [5 | 4], [4 | 4], [4 | 6]]
Tiles: [[0 | 4]]
Players: [player 1: [[5 | 5], [0 | 6]], ai 2: [[1 | 3], [1 | 1], [4 | 1]]]
Turn Index: 0
INFO:root:player turn 0

INFO:root:
DominoState:
Ground: [[3 | 2], [2 | 2], [2 | 5], [5 | 6], [6 | 1], [1 | 2], [2 | 4], [4 | 3], [3 | 3], [3 | 6], [6 | 6], [6 | 2], [2 | 0], [0 | 1], [1 | 5], [5 | 3], [3 | 0], [0 | 0], [0 | 5], [5 | 4], [4 | 4], [4 | 6], [6 | 0]]
Tiles: [[0 | 4]]
Players: [player 1: [[5 | 5]], ai 2: [[1 | 3], [1 | 1], [4 | 1]]]
Turn Index: 1
INFO:root:player turn 1

INFO:root:
DominoState:
Ground: [[1 | 3], [3 | 2], [2 | 2], [2 | 5], [5 | 6], [6 | 1], [1 | 2], [2 | 4], [4 | 3], [3 | 3], [3 | 6], [6 | 6], [6 | 2], [2 | 0], [0 | 1], [1 | 5], [5 | 3], [3 | 0], [0 | 0], [0 | 5], [5 | 4], [4 | 4], [4 | 6], [6 | 0]]
Tiles: [[0 | 4]]
Players: [player 1: [[5 | 5]], ai 2: [[1 | 1], [4 | 1]]]
Turn Index: 0
INFO:root:player turn 0

INFO:root:
DominoState:
Ground: [[1 | 3], [3 | 2], [2 | 2], [2 | 5], [5 | 6], [6 | 1], [1 | 2], [2 | 4], [4 | 3], [3 | 3], [3 | 6], [6 | 6], [6 | 2], [2 | 0], [0 | 1], [1 | 5], [5 | 3], [3 | 0], [0 | 0], [0 | 5], [5 | 4], [4 | 4], [4 | 6], [6 | 0]]
Tiles: []
Players: [player 1: [[5 | 5], [0 | 4]], ai 2: [[1 | 1], [4 | 1]]]
Turn Index: 0
INFO:root:player turn 0

INFO:root:
DominoState:
Ground: [[1 | 3], [3 | 2], [2 | 2], [2 | 5], [5 | 6], [6 | 1], [1 | 2], [2 | 4], [4 | 3], [3 | 3], [3 | 6], [6 | 6], [6 | 2], [2 | 0], [0 | 1], [1 | 5], [5 | 3], [3 | 0], [0 | 0], [0 | 5], [5 | 4], [4 | 4], [4 | 6], [6 | 0], [0 | 4]]
Tiles: []
Players: [player 1: [[5 | 5]], ai 2: [[1 | 1], [4 | 1]]]
Turn Index: 1
INFO:root:player turn 1

INFO:root:
DominoState:
Ground: [[1 | 3], [3 | 2], [2 | 2], [2 | 5], [5 | 6], [6 | 1], [1 | 2], [2 | 4], [4 | 3], [3 | 3], [3 | 6], [6 | 6], [6 | 2], [2 | 0], [0 | 1], [1 | 5], [5 | 3], [3 | 0], [0 | 0], [0 | 5], [5 | 4], [4 | 4], [4 | 6], [6 | 0], [0 | 4], [4 | 1]]
Tiles: []
Players: [player 1: [[5 | 5]], ai 2: [[1 | 1]]]
Turn Index: 0
INFO:root:player turn 0

INFO:root:  WINNER, winner:ai 2
INFO:root:  DEADEND, winner:ai 2
INFO:root:  WINNER, winner:DominoState:
Ground: [[1 | 1], [1 | 3], [3 | 2], [2 | 2], [2 | 5], [5 | 6], [6 | 1], [1 | 2], [2 | 4], [4 | 3], [3 | 3], [3 | 6], [6 | 6], [6 | 2], [2 | 0], [0 | 1], [1 | 5], [5 | 3], [3 | 0], [0 | 0], [0 | 5], [5 | 4], [4 | 4], [4 | 6], [6 | 0], [0 | 4], [4 | 1]]
Tiles: []
Players: [player 1: [[5 | 5]], ai 2: []]
Turn Index: 1
action:[1 | 1]
INFO:root:
DominoState:
Ground: []
Tiles: [[1 | 1], [0 | 6], [0 | 2], [3 | 4], [2 | 5], [1 | 6], [0 | 1], [4 | 4], [1 | 5], [6 | 6], [1 | 3], [4 | 6], [3 | 3], [5 | 6]]
Players: [player 1: [[5 | 5], [2 | 6], [2 | 3], [0 | 5], [3 | 5], [0 | 4], [1 | 4]], ai 2: [[0 | 3], [4 | 5], [0 | 0], [2 | 4], [1 | 2], [2 | 2], [3 | 6]]]
Turn Index: 1
INFO:root:player turn 1

INFO:root:
DominoState:
Ground: [[4 | 5]]
Tiles: [[1 | 1], [0 | 6], [0 | 2], [3 | 4], [2 | 5], [1 | 6], [0 | 1], [4 | 4], [1 | 5], [6 | 6], [1 | 3], [4 | 6], [3 | 3], [5 | 6]]
Players: [player 1: [[5 | 5], [2 | 6], [2 | 3], [0 | 5], [3 | 5], [0 | 4], [1 | 4]], ai 2: [[0 | 3], [0 | 0], [2 | 4], [1 | 2], [2 | 2], [3 | 6]]]
Turn Index: 0
INFO:root:player turn 0

